calibration {
	k2w = [ 0.004107792011640961, 1.0126592115293842, -0.011148020513442682, 0.0, 0.7093804157804277, -0.01080833753278782, -0.7137157874455721, 0.0, -0.7048138419128677, -0.004976391416703747, -0.7184050109211708, 0.0, 0.929484453219913, 0.03226204940192835, 0.9275812284388965, 1.0 ];

	dim = [ 628, 471 ];
	poly = [ 42.790786948829066, 430.31861804258864, 154.89059500999, 122.04414587359236, 474.01343570005616, 120.23608445318433, 572.5527831086166, 430.3186180425886 ];
}
